LIG: 0.926583 0.541623 2.32135 -1.96904 -8.93765 -2.37821
-0.847  0.317   0.427   -0.447  -0.860  -0.246  0.289   -0.399  0.870   3.497   7.646   0.755   840.343
-0.800  -0.578  0.164   -0.414  0.728   0.546   -0.435  0.369   -0.821  3.597   6.745   -3.123  827.525
-0.804  -0.574  0.155   -0.415  0.728   0.546   -0.426  0.375   -0.823  3.654   6.862   -2.997  825.268
-0.894  0.214   0.395   0.307   0.933   0.189   -0.327  0.290   -0.899  -2.281  12.751  -1.512  787.702
-0.938  -0.086  0.335   -0.008  0.974   0.228   -0.346  0.211   -0.914  -0.789  9.657   -1.251  782.293
-0.927  0.029   0.373   0.114   0.971   0.208   -0.356  0.236   -0.904  -1.584  10.800  -1.451  780.318
-0.920  -0.370  0.130   -0.277  0.847   0.454   -0.278  0.382   -0.881  1.832   7.689   -1.608  753.239
-0.928  -0.270  0.257   -0.182  0.930   0.319   -0.325  0.249   -0.912  0.652   8.235   -1.220  745.271
-0.935  0.246   0.255   0.295   0.940   0.173   -0.198  0.237   -0.951  -2.274  12.536  -0.241  743.680
-0.900  -0.336  0.278   -0.128  0.813   0.568   -0.417  0.475   -0.775  1.098   8.830   -3.753  743.671
0.706   0.708   -0.001  0.590   -0.589  -0.552  -0.391  0.389   -0.834  10.678  31.329  -3.339  741.520
-0.405  0.816   0.412   0.837   0.512   -0.193  -0.369  0.266   -0.891  1.405   8.277   -2.352  740.244
-0.860  -0.467  0.206   -0.371  0.849   0.377   -0.351  0.248   -0.903  0.829   4.987   -1.316  734.484
-0.942  0.215   0.257   0.265   0.948   0.177   -0.205  0.234   -0.950  -2.284  11.748  -0.318  730.660
-0.926  -0.070  0.372   0.007   0.980   0.200   -0.379  0.187   -0.906  -1.121  9.740   -1.444  725.380
0.010   0.955   0.296   0.924   0.104   -0.369  -0.383  0.277   -0.881  1.240   23.606  -1.933  723.474
0.746   0.666   0.005   0.551   -0.614  -0.565  -0.373  0.424   -0.825  11.366  30.547  -3.093  722.971
0.930   -0.031  -0.367  -0.163  -0.929  -0.333  -0.331  0.369   -0.868  16.071  31.165  -3.050  722.833
-0.917  0.149   0.370   0.227   0.958   0.175   -0.328  0.244   -0.913  -2.503  11.762  -1.340  721.269
0.740   0.670   0.054   0.590   -0.609  -0.530  -0.323  0.424   -0.846  11.140  31.209  -2.559  713.808
-0.854  0.304   0.422   -0.445  -0.848  -0.288  0.271   -0.433  0.860   2.931   7.527   0.315   704.895
-0.918  -0.031  0.396   0.057   0.976   0.208   -0.393  0.214   -0.894  -1.102  9.847   -1.919  704.666
0.508   0.860   0.048   0.800   -0.451  -0.396  -0.319  0.240   -0.917  3.257   31.788  -0.937  704.248
-0.860  -0.355  0.366   0.118   -0.837  -0.535  0.496   -0.417  0.762   0.238   13.845  2.420   694.464
0.926   0.272   -0.264  0.178   -0.927  -0.331  -0.334  0.259   -0.906  14.255  32.495  -1.092  691.617
-0.876  -0.445  0.184   -0.368  0.865   0.342   -0.311  0.232   -0.922  0.739   5.266   -0.724  688.568
0.740   -0.472  -0.480  -0.569  -0.819  -0.073  -0.358  0.327   -0.874  23.876  25.190  -2.768  686.972
0.752   -0.454  -0.477  -0.555  -0.827  -0.089  -0.354  0.332   -0.874  23.819  25.330  -2.857  681.308
0.873   0.125   -0.472  -0.130  -0.872  -0.472  -0.471  0.473   -0.745  12.234  29.466  -4.616  673.062
0.514   0.856   0.045   0.804   -0.464  -0.371  -0.297  0.227   -0.927  3.563   31.706  -0.608  666.633
0.884   0.261   -0.389  0.023   -0.854  -0.520  -0.467  0.451   -0.760  6.031   25.060  -3.789  661.052
-0.898  -0.380  0.222   -0.162  0.755   0.636   -0.409  0.535   -0.739  1.382   8.810   -4.151  656.096
0.955   -0.024  -0.295  -0.140  -0.915  -0.379  -0.260  0.403   -0.877  14.053  31.375  -2.041  652.012
0.913   0.260   -0.316  0.088   -0.879  -0.469  -0.399  0.400   -0.825  6.170   25.558  -2.830  651.055
0.649   0.758   0.067   0.696   -0.556  -0.455  -0.307  0.342   -0.888  4.868   31.233  -1.146  650.850
0.891   0.293   -0.348  0.048   -0.822  -0.568  -0.452  0.489   -0.746  11.418  31.500  -4.338  646.365
-0.985  0.074   0.154   0.108   0.967   0.231   -0.132  0.244   -0.961  -2.706  11.981  -0.168  646.253
0.863   0.066   -0.501  -0.188  -0.878  -0.440  -0.469  0.474   -0.745  12.331  28.810  -4.508  645.742
0.752   0.656   0.062   0.590   -0.627  -0.509  -0.295  0.419   -0.859  11.484  30.929  -2.001  644.570
0.417   0.907   0.058   -0.738  0.301   0.605   0.531   -0.294  0.795   -1.300  18.202  3.922   643.148
0.541   0.819   0.193   -0.731  0.344   0.589   0.415   -0.460  0.785   -1.033  24.028  3.155   638.965
-0.985  -0.130  0.117   -0.082  0.934   0.348   -0.154  0.333   -0.930  -1.145  10.708  -1.255  633.317
-0.145  0.937   0.317   0.953   0.219   -0.210  -0.267  0.272   -0.925  2.905   30.677  -0.282  622.696
0.823   -0.036  -0.567  -0.182  -0.962  -0.204  -0.538  0.271   -0.798  23.683  24.469  -3.483  621.122
0.689   0.722   0.065   0.663   -0.592  -0.458  -0.292  0.358   -0.887  5.514   30.878  -1.106  618.059
-0.406  0.846   0.346   0.799   0.513   -0.314  -0.443  0.149   -0.884  1.124   8.461   -1.480  617.721
-0.884  -0.428  0.189   -0.252  0.776   0.578   -0.394  0.463   -0.794  -0.227  15.685  -2.311  616.213
-0.206  0.932   0.297   0.949   0.264   -0.169  -0.236  0.247   -0.940  2.168   30.225  -0.010  610.645
0.007   0.971   0.238   0.960   0.060   -0.273  -0.280  0.230   -0.932  1.435   23.989  -0.862  607.746
0.794   0.586   -0.163  -0.484  0.771   0.414   0.369   -0.250  0.896   -0.614  15.119  2.984   602.995
0.293   0.912   0.288   -0.769  0.046   0.638   0.568   -0.409  0.714   -2.175  23.688  3.520   597.828
-0.880  0.066   0.470   0.134   0.984   0.113   -0.455  0.163   -0.876  -1.477  11.071  -1.999  595.163
0.201   0.964   0.175   0.872   -0.095  -0.480  -0.447  0.249   -0.859  0.657   16.884  -1.457  594.979
-0.944  -0.265  0.197   -0.223  0.951   0.212   -0.244  0.156   -0.957  0.616   7.846   -0.015  593.161
0.177   0.970   0.168   0.881   -0.080  -0.467  -0.440  0.230   -0.868  0.659   16.844  -1.229  590.287
0.475   0.845   0.245   -0.742  0.234   0.628   0.473   -0.480  0.739   -1.452  24.696  3.547   590.266
-0.487  0.844   0.226   0.852   0.516   -0.087  -0.190  0.150   -0.970  -3.770  25.059  1.233   585.726
0.344   0.938   0.041   -0.763  0.254   0.594   0.547   -0.236  0.804   -2.065  18.645  3.860   584.101
0.018   0.909   0.417   0.805   0.234   -0.546  -0.594  0.345   -0.727  1.237   13.694  -3.126  580.600
-0.989  0.128   0.068   0.141   0.962   0.233   -0.036  0.240   -0.970  -2.709  12.058  0.410   576.290
0.868   0.494   0.052   -0.474  0.792   0.385   0.149   -0.359  0.921   -2.575  14.761  2.540   572.587
0.262   0.914   0.309   -0.777  0.010   0.629   0.572   -0.405  0.713   -2.402  24.041  3.483   569.519
0.918   0.317   -0.237  0.245   -0.926  -0.288  -0.311  0.206   -0.928  13.626  32.988  -0.065  568.781
0.894   0.368   -0.257  0.117   -0.743  -0.659  -0.433  0.559   -0.707  15.097  28.108  -3.901  568.352
0.411   0.861   0.298   -0.714  0.101   0.693   0.567   -0.498  0.656   -1.615  23.804  3.601   565.423
0.156   0.880   0.449   -0.838  -0.123  0.532   0.523   -0.459  0.718   -2.474  22.746  3.173   564.741
0.412   0.866   0.283   -0.708  0.109   0.697   0.573   -0.488  0.658   -1.450  24.093  3.559   553.964
0.104   0.918   0.382   -0.986  0.045   0.160   0.129   -0.393  0.910   0.265   16.133  0.939   553.821
-0.636  -0.772  -0.011  -0.689  0.562   0.458   -0.347  0.299   -0.889  4.519   2.689   -2.667  545.732
0.988   0.149   0.036   -0.149  0.882   0.447   0.035   -0.447  0.894   0.624   10.287  0.678   544.736
-0.358  -0.934  -0.018  0.764   -0.282  -0.581  0.537   -0.221  0.814   9.763   34.590  1.756   542.349
-0.989  -0.145  0.027   -0.132  0.950   0.282   -0.066  0.275   -0.959  -0.618  10.348  -0.696  534.225
0.280   0.912   0.300   -0.839  0.080   0.539   0.467   -0.402  0.787   1.155   21.833  1.910   534.112
0.872   0.477   0.110   -0.479  0.786   0.391   0.100   -0.394  0.914   -2.470  14.220  2.781   532.548
-0.093  0.835   0.542   0.813   0.378   -0.443  -0.575  0.400   -0.714  3.420   9.659   -3.428  531.723
-0.870  0.043   0.492   0.103   0.990   0.096   -0.483  0.134   -0.866  -1.246  10.544  -2.210  527.875
0.925   -0.173  -0.337  -0.237  -0.959  -0.156  -0.296  0.224   -0.928  18.539  32.851  -0.268  527.223
-0.527  0.438   0.728   0.522   0.843   -0.130  -0.671  0.311   -0.673  4.245   4.243   -2.714  517.733
-0.893  -0.434  0.117   -0.280  0.740   0.612   -0.352  0.514   -0.782  -0.444  15.643  -2.165  517.193
-0.434  -0.900  0.038   0.703   -0.365  -0.610  0.563   -0.238  0.791   8.386   35.537  1.972   516.706
-0.710  0.634   0.305   0.700   0.683   0.209   -0.076  0.362   -0.929  -1.614  17.405  -0.780  514.696
-0.550  -0.829  -0.104  -0.824  0.517   0.231   -0.138  0.213   -0.967  -0.258  4.421   1.166   509.886
0.955   -0.031  -0.294  -0.192  -0.821  -0.537  -0.225  0.570   -0.790  14.738  30.655  -3.155  509.810
0.767   -0.066  -0.638  -0.210  -0.966  -0.153  -0.606  0.251   -0.755  24.144  23.701  -3.986  507.213
0.792   -0.245  -0.559  0.317   0.948   0.034   0.522   -0.204  0.828   -1.353  16.619  3.919   505.485
0.943   0.331   0.021   -0.328  0.923   0.200   0.047   -0.196  0.980   -0.926  14.748  0.331   496.970
-0.834  -0.543  0.093   -0.315  0.608   0.729   -0.452  0.579   -0.678  2.781   10.434  -3.479  496.641
0.592   0.806   0.026   -0.687  0.487   0.540   0.423   -0.337  0.841   -1.213  24.485  3.192   496.280
-0.368  0.607   0.705   0.697   0.681   -0.223  -0.615  0.409   -0.674  3.325   8.553   -3.446  488.587
-0.497  -0.858  0.132   -0.818  0.513   0.260   -0.291  0.021   -0.957  -2.364  16.400  0.730   482.595
0.668   0.744   0.002   0.512   -0.458  -0.727  -0.540  0.487   -0.687  22.477  26.274  -4.632  480.062
-0.113  0.805   0.583   0.763   0.446   -0.468  -0.636  0.392   -0.664  3.865   8.838   -3.496  478.128
-0.340  -0.865  -0.368  -0.920  0.224   0.322   -0.196  0.448   -0.872  0.203   19.434  -1.500  475.255
-0.519  0.469   0.715   0.496   0.846   -0.196  -0.696  0.253   -0.672  3.947   4.371   -2.140  473.698
-0.690  -0.724  0.003   -0.697  0.665   0.267   -0.195  0.183   -0.964  -0.978  11.864  0.061   472.762
0.616   0.740   0.269   -0.670  0.313   0.673   0.414   -0.595  0.689   -1.434  23.643  3.406   471.150
-0.638  0.713   0.290   0.764   0.632   0.128   -0.092  0.303   -0.948  -4.149  12.988  1.729   470.589
0.032   0.875   0.482   0.780   0.280   -0.560  -0.625  0.394   -0.674  0.915   13.203  -3.264  459.842
-0.741  -0.671  -0.010  -0.635  0.696   0.336   -0.219  0.256   -0.942  -0.206  19.841  -0.959  456.043
-0.959  -0.284  -0.010  -0.247  0.816   0.523   -0.140  0.504   -0.852  1.270   7.683   -1.240  454.956
-0.850  0.509   0.137   0.526   0.833   0.172   -0.026  0.218   -0.976  -5.165  11.504  2.634   454.342
-0.176  0.733   0.657   0.759   0.526   -0.384  -0.627  0.431   -0.649  8.557   26.768  -4.438  449.901
0.493   0.865   0.096   -0.801  0.409   0.437   0.338   -0.292  0.894   -1.544  23.697  3.057   449.670
-0.507  0.840   0.194   0.839   0.533   -0.114  -0.199  0.105   -0.974  -2.104  28.655  1.001   449.197
-0.525  -0.842  -0.121  -0.850  0.512   0.125   -0.043  0.169   -0.985  0.195   4.363   2.480   446.100
0.088   -0.723  -0.686  -0.777  -0.480  0.407   -0.623  0.497   -0.604  35.108  9.957   -5.130  445.587
0.466   0.809   0.359   -0.626  0.014   0.780   0.626   -0.588  0.513   -2.283  23.412  4.182   440.673
0.143   -0.969  -0.203  -0.978  -0.107  -0.178  0.151   0.224   -0.963  -0.579  8.875   4.450   438.217
0.744   -0.049  -0.666  -0.188  -0.972  -0.138  -0.641  0.228   -0.733  23.443  23.802  -4.199  432.187
0.514   0.763   0.392   -0.794  0.250   0.555   0.325   -0.596  0.734   -1.869  22.804  3.048   428.552
0.454   -0.602  -0.657  -0.694  -0.701  0.163   -0.559  0.382   -0.736  12.321  30.752  -2.813  428.423
0.245   0.964   0.102   -0.960  0.228   0.160   0.131   -0.137  0.982   0.405   13.694  0.765   427.772
-0.352  0.618   0.703   0.561   0.740   -0.370  -0.749  0.264   -0.608  3.199   6.010   -2.748  427.074
-0.350  0.589   0.728   0.745   0.647   -0.165  -0.568  0.484   -0.666  6.623   27.211  -3.300  423.228
0.154   0.911   0.382   -0.988  0.130   0.088   0.031   -0.391  0.920   0.826   16.362  0.043   422.272
-0.365  -0.844  -0.392  -0.912  0.240   0.332   -0.186  0.479   -0.858  0.256   19.099  -1.444  420.163
0.755   -0.023  -0.655  -0.147  -0.980  -0.135  -0.639  0.198   -0.744  23.515  24.050  -3.756  418.008
0.057   -0.998  0.036   0.923   0.039   -0.382  0.380   0.055   0.923   8.647   31.699  -1.844  414.854
-0.164  0.704   0.692   0.718   0.565   -0.405  -0.676  0.430   -0.598  8.553   26.948  -4.650  414.309
-0.467  0.336   0.818   0.449   0.887   -0.108  -0.761  0.317   -0.566  5.356   3.697   -3.123  413.834
0.047   -0.999  -0.003  0.983   0.047   -0.180  0.180   0.005   0.984   9.640   30.439  -3.435  413.425
0.548   0.835   0.045   -0.662  0.401   0.633   0.511   -0.377  0.772   -0.934  25.577  3.906   413.017
0.450   0.793   0.411   -0.698  0.026   0.716   0.557   -0.609  0.565   -2.304  22.725  3.721   412.580
-0.715  0.679   0.165   0.697   0.673   0.249   0.058   0.293   -0.954  -4.155  11.219  3.195   408.732
0.809   -0.282  -0.515  -0.321  -0.947  0.014   -0.492  0.154   -0.857  13.847  34.251  -0.553  407.273
0.161   -0.984  0.080   0.936   0.126   -0.330  0.315   0.128   0.941   8.550   30.538  -2.810  403.223
0.815   0.550   -0.180  -0.482  0.817   0.316   0.321   -0.171  0.932   -0.397  14.730  3.084   401.907
0.511   0.786   0.348   -0.750  0.209   0.628   0.421   -0.582  0.696   -2.057  18.166  2.394   401.668
-0.473  0.879   0.057   0.879   0.475   -0.041  -0.063  0.031   -0.998  -2.748  25.295  3.584   399.292
-0.359  0.554   0.751   0.638   0.733   -0.236  -0.681  0.394   -0.616  3.771   7.839   -3.521  398.555
0.174   -0.868  -0.465  -0.948  -0.275  0.160   -0.267  0.413   -0.871  37.305  5.810   -2.871  397.116
-0.650  0.745   0.151   0.756   0.612   0.235   0.083   0.266   -0.960  -4.396  12.054  3.796   396.704
0.036   -0.996  -0.076  0.983   0.049   -0.178  0.181   -0.069  0.981   9.490   30.573  -2.633  395.451
0.159   -0.984  -0.073  0.967   0.171   -0.189  0.198   -0.041  0.979   10.118  29.471  -2.526  394.715
-0.917  0.306   0.255   0.388   0.832   0.398   -0.091  0.464   -0.881  -2.860  18.927  -0.200  391.479
0.465   0.794   0.391   -0.626  -0.018  0.780   0.626   -0.607  0.489   -2.260  23.847  4.179   389.915
-0.226  0.799   0.557   0.658   0.547   -0.517  -0.718  0.250   -0.649  1.899   10.288  -2.074  385.307
0.884   0.467   0.033   0.416   -0.750  -0.514  -0.216  0.467   -0.857  2.252   28.857  -0.867  384.406
0.906   0.422   0.024   0.405   -0.852  -0.330  -0.118  0.309   -0.944  26.975  28.621  0.524   382.699
-0.471  0.408   0.782   0.424   0.882   -0.205  -0.774  0.235   -0.589  4.599   4.047   -1.997  381.091
-0.808  0.560   0.184   0.589   0.758   0.281   0.019   0.335   -0.942  -4.145  11.478  2.753   379.833
-0.785  0.617   0.054   0.599   0.735   0.318   0.156   0.282   -0.947  -2.976  10.464  3.582   373.911
-0.863  0.451   0.227   0.504   0.736   0.453   0.037   0.505   -0.862  -1.695  13.910  -1.726  372.556
0.969   0.028   0.247   -0.150  0.859   0.490   -0.198  -0.511  0.836   1.002   10.327  -0.061  370.243
0.991   -0.122  0.063   0.119   0.992   0.051   -0.069  -0.043  0.997   -1.238  21.990  -1.443  368.483
-0.294  -0.901  0.319   0.503   0.137   0.853   -0.813  0.411   0.413   5.940   29.653  -0.418  364.562
0.681   0.725   -0.099  0.348   -0.440  -0.828  -0.644  0.530   -0.553  22.943  24.989  -5.908  364.434
-0.127  0.772   0.623   0.721   0.503   -0.477  -0.682  0.389   -0.620  3.851   8.820   -3.036  362.460
-0.948  -0.303  0.094   -0.195  0.792   0.579   -0.250  0.531   -0.810  1.402   12.211  -0.584  359.283
-0.930  -0.357  -0.089  0.366   -0.921  -0.133  -0.034  -0.156  0.987   21.288  26.836  0.444   357.550
0.301   0.681   0.667   0.162   0.653   -0.740  -0.940  0.331   0.086   -0.370  9.203   0.281   356.805
0.656   0.644   0.394   -0.450  0.753   -0.480  -0.606  0.138   0.784   1.583   8.500   0.719   356.523
0.242   0.903   0.354   0.627   0.133   -0.768  -0.740  0.408   -0.534  14.754  23.172  -7.563  356.510
0.206   0.974   -0.097  0.823   -0.226  -0.520  -0.529  0.028   -0.848  4.452   31.763  -1.659  356.308
-0.648  0.715   0.265   0.758   0.569   0.320   0.078   0.408   -0.910  -1.575  18.378  -0.512  353.431
-0.262  -0.888  -0.378  -0.783  -0.033  0.621   -0.564  0.459   -0.686  0.599   20.050  -3.496  351.026
0.314   0.876   0.366   -0.744  -0.013  0.669   0.591   -0.482  0.647   1.630   22.767  2.257   350.335
0.429   0.897   0.106   -0.830  0.345   0.439   0.357   -0.277  0.892   -1.789  24.282  3.562   350.302
0.485   0.787   0.381   -0.824  0.266   0.500   0.293   -0.556  0.778   -1.056  17.372  1.191   349.614
0.093   0.685   0.722   -0.960  -0.132  0.249   0.266   -0.716  0.645   -3.362  16.900  3.191   348.807
-0.338  0.551   0.763   0.453   0.806   -0.381  -0.825  0.217   -0.522  3.849   5.315   -2.363  345.717
0.085   -0.948  -0.307  -0.995  -0.063  -0.081  0.058   0.312   -0.948  -0.782  8.110   3.734   343.799
0.879   -0.233  -0.417  -0.240  -0.970  0.038   -0.413  0.067   -0.908  19.218  32.269  -0.560  340.791
0.589   0.102   -0.802  -0.499  -0.735  -0.460  -0.636  0.671   -0.382  7.300   24.833  -6.497  337.426
-0.435  0.410   0.802   0.481   0.859   -0.177  -0.761  0.308   -0.571  4.871   6.196   -2.921  336.758
-0.631  0.737   0.244   -0.713  -0.674  0.194   0.308   -0.052  0.950   3.612   24.672  -2.962  335.025
-0.198  0.488   0.850   0.714   0.666   -0.216  -0.671  0.565   -0.480  7.250   27.114  -4.139  333.234
0.889   0.456   0.051   0.393   -0.700  -0.596  -0.236  0.550   -0.801  10.683  33.940  -0.800  332.677
0.459   0.822   0.337   0.571   0.018   -0.821  -0.681  0.569   -0.461  16.856  22.147  -6.798  332.587
0.982   -0.169  0.086   0.171   0.985   -0.010  -0.083  0.024   0.996   -0.640  22.461  -1.559  331.703
0.608   0.761   -0.228  0.721   -0.649  -0.242  -0.333  -0.017  -0.943  5.403   31.529  -1.873  331.360
0.771   0.619   -0.153  0.122   -0.378  -0.918  -0.625  0.689   -0.367  24.057  18.516  -6.633  328.375
0.273   0.634   0.723   0.211   0.694   -0.688  -0.939  0.340   0.055   -0.444  9.175   0.077   327.928
-0.840  0.542   0.037   0.508   0.758   0.409   0.193   0.363   -0.912  -2.477  8.916   2.611   327.632
-0.202  0.800   0.564   0.594   0.558   -0.579  -0.779  0.218   -0.588  1.686   10.139  -1.823  326.036
0.324   -0.535  -0.781  -0.560  -0.773  0.298   -0.763  0.341   -0.550  11.738  30.997  -2.638  326.017
-0.366  0.539   0.759   0.444   0.818   -0.367  -0.818  0.203   -0.538  5.077   5.966   -2.183  321.968
-0.144  0.704   0.695   0.623   0.610   -0.489  -0.769  0.362   -0.527  4.557   7.635   -3.020  318.484
0.740   0.334   -0.584  -0.139  -0.773  -0.619  -0.658  0.539   -0.525  21.370  23.762  -4.592  316.410
0.796   0.538   -0.277  0.582   -0.806  0.107   -0.165  -0.246  -0.955  6.452   36.724  3.040   316.136
-0.059  -0.498  -0.865  -0.601  -0.675  0.429   -0.797  0.545   -0.259  9.635   3.962   -9.875  315.375
-0.224  -0.921  -0.320  -0.829  0.007   0.559   -0.512  0.390   -0.765  9.475   28.698  -3.028  315.105
-0.366  -0.840  -0.401  -0.670  0.537   -0.513  0.646   0.081   -0.759  -5.392  17.069  11.493  314.552
0.093   0.951   0.295   -0.995  0.103   -0.016  -0.046  -0.292  0.955   0.846   16.392  -0.387  314.240
-0.065  -0.935  -0.349  -0.927  -0.073  0.367   -0.369  0.347   -0.862  9.565   30.717  -2.010  313.951
-0.837  0.256   0.484   -0.408  0.296   -0.863  -0.365  -0.920  -0.143  -8.423  20.059  15.535  310.914
-0.408  -0.811  -0.420  -0.665  -0.051  0.745   -0.625  0.583   -0.518  8.976   4.830   -9.252  310.763
-0.424  -0.747  -0.512  -0.812  0.063   0.581   -0.401  0.662   -0.633  8.093   21.698  -7.060  310.460
-0.836  -0.535  0.121   -0.124  0.399   0.909   -0.535  0.745   -0.399  2.904   12.385  -4.262  309.788
-0.761  0.647   0.058   0.609   0.680   0.407   0.224   0.345   -0.912  -3.216  9.705   3.415   309.730
-0.993  -0.064  -0.103  -0.108  0.080   0.991   -0.055  0.995   -0.086  -2.617  13.533  2.520   308.916
-0.741  0.256   0.621   -0.313  -0.949  0.017   0.594   -0.182  0.784   8.706   30.736  -0.617  306.372
-0.941  -0.072  -0.331  -0.312  0.566   0.763   0.133   0.821   -0.555  -2.026  12.010  3.912   305.700
0.163   -0.971  0.173   0.937   0.098   -0.334  0.308   0.217   0.927   8.509   30.616  -4.050  302.443
0.578   0.810   -0.093  -0.509  0.448   0.735   0.637   -0.378  0.672   -1.734  26.464  4.329   302.145
-0.246  -0.894  -0.375  -0.969  0.233   0.082   0.014   0.384   -0.923  6.807   28.160  -1.842  302.131
-0.066  -0.890  -0.451  -0.920  0.230   -0.318  0.386   0.394   -0.834  41.481  4.916   5.867   301.939
-0.866  0.034   0.498   0.305   0.825   0.476   -0.395  0.564   -0.725  1.530   22.390  -2.937  300.975
-0.109  0.690   0.715   -0.715  -0.554  0.426   0.691   -0.465  0.554   -6.654  10.884  9.252   300.367
-0.984  -0.075  -0.161  -0.171  0.163   0.972   -0.046  0.984   -0.173  -1.872  13.809  3.197   299.923
-0.785  0.593   -0.177  0.564   0.803   0.189   0.255   0.049   -0.966  -3.925  20.697  2.599   299.453
-0.814  0.215   0.540   -0.435  0.390   -0.812  -0.385  -0.895  -0.224  -9.177  18.601  15.979  299.168
0.758   -0.598  -0.260  -0.564  -0.801  0.198   -0.327  -0.003  -0.945  38.523  14.769  -0.810  297.048
0.820   -0.295  -0.490  -0.270  -0.955  0.124   -0.505  0.031   -0.863  13.715  34.817  1.147   296.861
-0.595  -0.140  -0.791  -0.770  -0.184  0.612   -0.231  0.973   0.002   0.878   3.919   -0.263  296.454
-0.242  -0.903  -0.356  -0.969  0.241   0.049   0.041   0.357   -0.933  7.041   28.126  -1.971  294.005
-0.594  -0.664  0.454   -0.286  0.702   0.652   -0.752  0.258   -0.607  1.752   18.015  -1.039  293.975
-0.653  0.632   0.417   0.678   0.733   -0.049  -0.336  0.251   -0.908  -0.213  9.945   1.704   293.715
-0.074  -0.994  0.080   0.747   -0.108  -0.656  0.661   0.011   0.750   21.036  31.911  2.024   291.880
-0.393  -0.902  0.179   0.912   -0.406  -0.047  0.115   0.145   0.983   22.222  19.976  -6.077  291.868
-0.831  0.554   -0.050  0.534   0.820   0.207   0.156   0.145   -0.977  -4.295  11.716  4.740   288.040
0.399   -0.415  -0.817  -0.669  -0.741  0.050   -0.627  0.527   -0.574  24.760  15.305  -8.291  287.033
-0.141  0.552   0.822   -0.476  0.690   -0.546  -0.868  -0.468  0.165   -1.017  6.389   4.159   286.244
0.829   0.473   0.299   0.559   -0.668  -0.491  -0.032  0.574   -0.818  1.589   28.828  -0.804  286.168
0.735   0.629   -0.252  0.202   -0.558  -0.805  -0.647  0.541   -0.537  3.477   25.894  -3.226  285.109
-0.769  -0.557  0.314   -0.161  0.644   0.748   -0.619  0.525   -0.584  1.333   17.901  -1.966  284.192
0.306   0.631   0.713   -0.279  0.776   -0.566  -0.910  -0.026  0.413   -1.542  8.344   2.332   283.833
-0.974  -0.224  0.029   0.226   -0.971  0.082   0.009   0.087   0.996   14.002  29.664  -0.389  283.408
0.986   -0.083  0.145   -0.101  -0.987  0.125   0.133   -0.138  -0.982  26.276  32.674  6.441   283.213
-0.679  -0.270  -0.683  -0.590  -0.353  0.726   -0.437  0.896   0.080   0.461   5.246   -1.215  280.781
-0.542  0.232   0.808   -0.285  0.854   -0.436  -0.791  -0.466  -0.396  -6.366  1.603   9.107   280.156
0.363   -0.931  -0.042  0.897   0.361   -0.254  0.251   0.055   0.966   10.241  26.815  -3.673  280.098
-0.481  -0.810  0.335   -0.863  0.505   -0.018  -0.154  -0.298  -0.942  -3.595  16.738  3.294   279.824
0.728   0.511   0.458   -0.510  0.849   -0.137  -0.459  -0.134  0.878   2.517   5.566   1.442   278.689
-0.513  -0.725  -0.459  -0.734  0.093   0.673   -0.445  0.682   -0.580  5.394   27.375  -5.221  278.396
0.867   0.169   -0.469  0.198   -0.980  0.012   -0.458  -0.104  -0.883  15.632  34.379  -1.185  277.710
0.908   0.404   0.114   0.405   -0.772  -0.491  -0.111  0.491   -0.864  2.410   28.633  -0.037  277.582
0.841   0.474   0.260   0.505   -0.518  -0.690  -0.192  0.712   -0.676  1.507   27.183  -2.363  277.005
-0.983  -0.181  -0.037  -0.082  0.251   0.964   -0.165  0.951   -0.262  -2.914  14.149  1.225   276.168
-0.328  0.386   0.862   0.401   0.883   -0.243  -0.855  0.266   -0.445  5.951   4.404   -2.563  274.933
0.111   0.844   0.525   -0.339  0.529   -0.778  -0.934  -0.091  0.345   0.682   9.268   2.809   274.130
0.776   0.519   0.357   0.614   -0.498  -0.612  -0.140  0.695   -0.705  1.123   28.342  -1.627  273.795
-0.969  0.244   -0.029  0.231   0.946   0.227   0.083   0.214   -0.973  -4.151  18.387  2.376   273.326
-0.696  0.280   0.661   -0.287  -0.952  0.101   0.658   -0.119  0.744   8.238   30.588  -1.291  272.567
0.039   0.563   0.826   0.610   0.641   -0.466  -0.791  0.522   -0.318  2.256   8.503   -1.446  271.254
-0.206  -0.927  -0.314  -0.869  0.025   0.495   -0.451  0.375   -0.810  9.454   28.721  -2.881  267.542
-0.978  0.203   -0.047  0.132   0.780   0.611   0.161   0.592   -0.790  -1.772  5.231   -0.337  267.419
-0.456  -0.743  0.489   -0.176  0.614   0.769   -0.872  0.265   -0.411  2.193   20.401  -0.985  266.999
-0.523  -0.715  -0.464  -0.828  0.556   0.076   0.204   0.423   -0.883  1.122   22.347  -1.742  266.031
0.105   -0.895  -0.433  -0.843  -0.311  0.440   -0.528  0.319   -0.787  12.877  31.933  -3.023  265.371
0.459   -0.644  0.612   0.000   0.689   0.725   -0.888  -0.333  0.316   5.498   29.100  0.612   264.893
0.691   0.054   -0.721  0.031   0.994   0.105   0.722   -0.095  0.685   0.634   9.282   0.318   263.000
-0.754  -0.592  0.286   -0.582  0.803   0.127   -0.305  -0.071  -0.950  -1.610  17.219  0.505   262.426
-0.829  -0.354  0.433   -0.346  0.933   0.099   -0.439  -0.068  -0.896  -2.519  18.194  -0.006  261.645
-0.586  -0.689  0.427   -0.286  0.669   0.686   -0.758  0.280   -0.589  1.440   19.953  -1.007  260.763
0.328   0.936   0.127   0.296   0.026   -0.955  -0.897  0.351   -0.268  0.597   16.458  -3.915  259.866
0.836   0.475   -0.276  -0.434  0.879   0.200   0.337   -0.047  0.940   -1.149  23.919  1.933   258.498
0.083   -0.941  -0.327  -0.913  -0.204  0.354   -0.400  0.269   -0.876  9.440   32.026  -1.117  257.968
0.488   -0.281  -0.827  0.435   0.899   -0.048  0.757   -0.336  0.561   -0.522  24.383  4.323   257.421
-0.374  -0.906  0.199   0.890   -0.411  -0.197  0.261   0.104   0.960   22.023  20.653  -5.014  256.728
-0.697  -0.718  -0.005  -0.710  0.690   -0.142  0.106   -0.096  -0.990  -1.054  12.730  3.478   256.242
-0.987  0.059   0.148   0.062   0.998   0.018   -0.146  0.027   -0.989  -3.684  17.661  2.427   255.944
-0.741  -0.648  -0.179  -0.664  0.746   0.047   0.103   0.154   -0.983  -2.802  7.139   4.346   255.857
-0.994  -0.072  0.088   -0.000  0.775   0.632   -0.114  0.628   -0.770  1.561   2.587   -2.698  255.082
0.262   0.653   0.710   -0.496  0.723   -0.481  -0.828  -0.226  0.513   2.179   7.834   2.233   254.995
-0.881  0.018   0.473   -0.343  0.663   -0.665  -0.325  -0.748  -0.578  -6.895  20.458  13.043  254.913
0.572   0.681   0.456   -0.820  0.473   0.322   0.004   -0.558  0.830   0.573   19.737  0.768   253.445
-0.807  -0.581  -0.104  -0.049  -0.111  0.993   -0.589  0.806   0.061   3.557   12.124  -6.358  252.371
0.638   0.691   0.339   -0.526  0.070   0.848   0.562   -0.719  0.408   -1.199  24.610  3.727   251.232
-0.802  -0.255  -0.540  -0.420  -0.400  0.814   -0.424  0.880   0.214   0.178   9.041   -1.627  250.398
0.681   0.350   -0.643  -0.723  0.180   -0.667  -0.117  0.919   0.376   2.450   25.866  0.137   248.144
-0.943  0.233   0.240   -0.307  -0.886  -0.346  0.132   -0.400  0.907   20.145  30.257  2.657   246.249
-0.798  -0.591  -0.121  -0.121  -0.039  0.992   -0.591  0.806   -0.041  2.886   12.060  -5.521  245.503
0.168   -0.894  -0.415  -0.892  -0.317  0.321   -0.419  0.316   -0.851  13.021  31.798  -3.196  243.897
0.654   -0.749  -0.109  -0.470  -0.514  0.717   -0.593  -0.418  -0.688  36.234  22.670  9.734   243.773
0.539   0.702   0.465   -0.836  0.516   0.189   -0.107  -0.491  0.865   0.190   18.829  -1.921  243.747
-0.817  0.570   -0.083  0.411   0.678   0.609   0.404   0.464   -0.789  -4.083  3.567   2.135   243.633
0.843   -0.531  -0.090  -0.538  -0.833  -0.132  -0.005  0.160   -0.987  38.379  15.224  1.193   243.447
-0.745  -0.501  -0.441  -0.410  -0.178  0.894   -0.526  0.847   -0.073  4.469   9.101   -5.413  243.053
0.422   0.833   -0.357  0.761   -0.540  -0.360  -0.492  -0.120  -0.862  3.943   31.612  -1.840  242.707
-0.884  0.060   -0.463  -0.463  -0.240  0.853   -0.060  0.969   0.240   -0.098  6.393   -1.051  242.403
-0.968  -0.099  -0.233  -0.237  0.674   0.700   0.087   0.732   -0.675  -2.120  11.440  3.228   242.092
0.540   0.686   0.488   -0.801  0.243   0.546   0.256   -0.686  0.681   -0.688  17.771  1.455   242.050
0.013   -0.857  -0.514  0.822   0.302   -0.483  0.570   -0.416  0.708   1.170   33.038  6.673   242.019
0.669   0.659   0.344   -0.545  0.120   0.830   0.505   -0.742  0.440   -0.733  24.684  3.435   241.968
-0.649  0.640   0.410   -0.179  0.395   -0.901  -0.739  -0.658  -0.142  -9.527  14.027  11.052  241.950
-0.636  -0.339  -0.693  -0.745  0.036   0.666   -0.201  0.940   -0.276  1.201   7.153   1.058   241.947
-0.283  -0.655  -0.700  -0.671  -0.387  0.633   -0.686  0.649   -0.330  31.337  9.566   -7.135  241.498
-0.704  -0.598  -0.384  -0.476  -0.003  0.879   -0.527  0.802   -0.283  5.199   8.139   -4.946  241.214
-0.945  -0.210  -0.252  -0.317  0.386   0.866   -0.085  0.898   -0.431  -1.401  9.726   1.166   240.178
-0.491  0.811   0.318   0.369   0.525   -0.767  -0.789  -0.259  -0.557  -5.533  11.246  6.288   239.881
0.630   0.533   -0.565  -0.729  0.155   -0.667  -0.267  0.832   0.486   3.255   25.186  -1.057  237.812
-0.644  -0.545  -0.537  -0.408  -0.349  0.844   -0.647  0.763   0.002   6.283   9.518   -6.277  236.047
-0.724  -0.611  0.320   -0.314  0.705   0.636   -0.614  0.360   -0.702  1.579   20.312  -1.341  235.000
-0.597  -0.669  0.443   -0.272  0.688   0.673   -0.755  0.281   -0.593  1.935   20.070  -1.214  234.955
-0.885  -0.454  -0.105  -0.185  0.550   -0.814  0.427   -0.701  -0.571  -5.201  21.078  7.652   234.347
0.046   0.474   0.879   0.770   0.543   -0.334  -0.636  0.693   -0.340  12.434  23.095  -6.730  233.924
0.295   -0.954  0.061   0.873   0.243   -0.424  0.389   0.178   0.904   9.316   28.771  -3.072  233.916
-0.787  -0.566  0.246   -0.602  0.792   -0.101  -0.138  -0.228  -0.964  -2.568  12.929  2.274   233.621
0.419   0.593   0.688   0.670   0.309   -0.675  -0.613  0.744   -0.267  15.660  23.228  -5.845  232.895
-0.525  0.764   0.375   0.213   0.545   -0.811  -0.824  -0.346  -0.448  -5.201  10.882  7.052   231.957
0.993   0.106   0.045   0.104   -0.993  0.063   0.052   -0.057  -0.997  28.999  29.956  5.884   231.151
0.979   0.180   -0.091  0.071   -0.727  -0.683  -0.189  0.663   -0.725  4.100   27.136  -1.723  230.657
0.544   0.655   0.525   -0.551  -0.193  0.812   0.633   -0.731  0.256   -2.228  24.704  4.629   229.083
-0.648  0.141   -0.748  0.681   -0.334  -0.652  -0.342  -0.932  0.121   23.620  34.274  14.067  228.910
-0.785  0.609   0.111   0.619   0.780   0.092   -0.031  0.141   -0.989  -3.139  24.635  2.725   228.656
0.103   -0.902  -0.420  -0.898  -0.266  0.350   -0.427  0.341   -0.837  12.803  31.293  -3.283  227.567
0.796   0.584   -0.161  -0.158  -0.057  -0.986  -0.585  0.810   0.047   4.274   26.067  -1.290  227.367
-0.886  -0.334  -0.321  -0.304  -0.105  0.947   -0.350  0.937   -0.009  -0.532  13.118  0.612   226.740
0.626   0.635   0.454   -0.606  0.029   0.795   0.491   -0.772  0.403   -1.564  23.866  3.536   226.368
-0.338  -0.889  -0.307  -0.736  0.454   -0.503  0.586   0.056   -0.808  -6.590  13.703  10.595  225.945
-0.808  -0.586  0.058   -0.584  0.782   -0.217  0.082   -0.210  -0.974  -2.018  17.906  3.474   225.724
0.660   0.638   -0.397  0.745   -0.621  0.242   -0.092  -0.456  -0.885  4.796   36.562  4.028   224.977
-0.403  0.117   -0.908  -0.913  0.021   0.408   0.066   0.993   0.098   0.032   24.655  1.584   224.638
0.810   0.416   0.412   0.582   -0.655  -0.482  0.070   0.630   -0.773  1.176   28.775  -0.346  224.559
0.169   0.641   0.749   -0.985  0.090   0.145   0.026   -0.762  0.647   0.123   14.848  -3.156  222.886
-0.942  -0.194  -0.272  -0.333  0.625   0.706   0.033   0.756   -0.654  -2.516  11.745  2.788   222.518
0.687   0.692   -0.222  -0.511  0.243   -0.825  -0.516  0.680   0.520   0.062   21.098  -1.208  222.332
0.939   0.215   -0.268  -0.068  -0.649  -0.758  -0.337  0.730   -0.595  4.045   25.565  -4.413  221.688
-0.819  0.570   -0.061  0.477   0.737   0.479   0.318   0.363   -0.876  -2.187  8.140   3.324   219.928
-0.938  0.131   0.322   -0.241  -0.913  -0.330  0.251   -0.387  0.887   21.602  30.223  2.808   219.626
-0.888  -0.455  -0.067  -0.443  0.808   0.389   -0.123  0.375   -0.919  0.798   23.380  -1.182  219.325
-0.572  0.580   0.581   -0.511  0.301   -0.805  -0.641  -0.757  0.124   -7.009  20.071  10.453  218.499
-0.616  -0.372  -0.694  -0.660  -0.238  0.713   -0.430  0.897   -0.098  1.375   4.906   -1.436  218.304
0.936   0.351   -0.034  0.260   -0.752  -0.606  -0.239  0.558   -0.795  12.034  32.952  -0.349  218.078
0.920   0.273   -0.281  -0.102  -0.525  -0.845  -0.378  0.806   -0.455  3.474   24.759  -5.174  217.860
-0.721  -0.618  0.315   -0.681  0.717   -0.152  -0.132  -0.324  -0.937  -2.242  12.915  2.894   217.153
-0.757  -0.626  0.187   -0.363  0.640   0.677   -0.544  0.444   -0.712  1.930   17.500  -1.064  216.894
0.551   0.711   0.436   -0.674  0.072   0.735   0.491   -0.699  0.519   -0.927  25.237  2.439   216.645
0.613   0.785   -0.084  0.544   -0.497  -0.676  -0.573  0.369   -0.732  20.676  22.342  -7.109  215.666
0.033   -0.843  -0.537  -0.626  -0.436  0.647   -0.779  0.315   -0.542  27.313  14.820  -8.559  214.626
-0.542  -0.822  -0.174  -0.753  0.567   -0.334  0.373   -0.051  -0.926  -4.687  20.378  6.657   213.628
0.261   0.898   -0.355  0.493   -0.440  -0.751  -0.830  0.021   -0.557  18.347  18.181  -10.435  213.200
-0.861  -0.175  -0.478  -0.408  -0.326  0.853   -0.305  0.929   0.210   3.265   8.510   -3.567  212.828
-0.894  -0.300  -0.333  0.280   -0.954  0.108   -0.350  0.004   0.937   20.864  27.050  -0.340  212.689
-0.895  -0.213  -0.392  -0.368  -0.143  0.919   -0.252  0.967   0.050   3.114   9.756   -2.122  212.360
0.592   0.803   0.066   0.497   -0.299  -0.815  -0.634  0.516   -0.576  3.352   27.175  -2.986  210.934
-0.817  -0.312  -0.485  0.048   -0.875  0.482   -0.575  0.371   0.730   20.693  26.501  -4.319  210.317
-0.779  -0.507  0.370   -0.595  0.783   -0.180  -0.198  -0.360  -0.912  -5.043  8.414   6.749   210.258
-0.765  0.643   0.029   -0.635  -0.761  0.129   0.105   0.080   0.991   18.866  29.121  -2.169  210.135
-0.829  -0.278  -0.486  -0.526  0.087   0.846   -0.193  0.957   -0.219  -0.105  10.184  1.411   209.165
0.261   0.842   0.472   -0.352  0.539   -0.765  -0.899  0.034   0.437   1.240   9.958   1.177   208.893
-0.985  0.072   -0.154  -0.170  -0.430  0.887   -0.002  0.900   0.436   1.239   10.764  -0.245  207.899
-0.640  -0.523  0.562   -0.244  0.833   0.496   -0.728  0.181   -0.661  0.834   17.131  -0.714  207.659
0.847   0.444   -0.292  -0.015  -0.530  -0.848  -0.531  0.723   -0.442  12.318  29.499  -3.847  207.373
-0.926  -0.203  -0.319  -0.377  0.414   0.829   -0.036  0.887   -0.460  -1.046  9.197   1.888   206.635
0.402   0.824   -0.399  0.780   -0.536  -0.322  -0.480  -0.181  -0.858  4.365   31.592  -1.414  206.035
0.676   0.124   -0.727  0.095   -0.992  -0.081  -0.731  -0.015  -0.682  22.072  26.135  -3.068  205.494
0.937   0.281   -0.208  0.326   -0.916  0.232   -0.126  -0.286  -0.950  15.408  38.522  6.035   205.326
-0.708  0.601   0.370   -0.147  0.387   -0.910  -0.690  -0.699  -0.186  -8.663  14.293  12.388  204.218
-0.301  -0.752  -0.587  -0.495  -0.403  0.770   -0.815  0.522   -0.251  12.209  32.033  -4.391  203.439
-0.968  -0.167  -0.185  -0.236  0.853   0.466   0.080   0.495   -0.865  -3.196  13.897  2.795   202.940
-0.223  -0.827  -0.517  0.031   -0.536  0.844   -0.974  0.172   0.145   13.233  34.353  0.175   202.559
-0.414  -0.897  -0.156  -0.866  0.441   -0.236  0.281   0.037   -0.959  -4.539  11.358  5.884   202.039
0.188   0.685   -0.704  -0.660  -0.442  -0.607  -0.727  0.579   0.369   21.788  21.794  -7.156  201.881
-0.511  -0.388  -0.767  -0.164  0.920   -0.357  0.844   -0.056  -0.534  -6.299  23.937  13.514  200.106
-0.448  0.210   0.869   0.630   0.763   0.141   -0.634  0.611   -0.474  3.416   22.887  -4.294  199.735
-0.021  0.697   0.717   0.270   0.694   -0.667  -0.963  0.179   -0.203  -1.349  8.835   0.680   199.565
-0.354  0.907   0.227   0.601   0.406   -0.688  -0.717  -0.107  -0.689  -4.205  12.172  4.477   198.862
-0.374  0.784   0.495   0.626   0.607   -0.489  -0.684  0.128   -0.718  1.035   22.381  -3.982  198.342
0.441   0.891   -0.103  -0.841  0.451   0.300   0.314   -0.045  0.948   -2.054  17.887  3.487   198.187
-0.374  0.674   -0.637  -0.628  -0.689  -0.361  -0.682  0.265   0.681   19.895  29.391  -1.250  198.147
0.849   0.521   -0.091  0.284   -0.594  -0.753  -0.446  0.613   -0.652  4.332   26.178  -2.155  197.231
-0.979  0.100   -0.177  -0.203  -0.424  0.882   0.013   0.900   0.436   0.974   10.726  -0.155  196.027
-0.740  -0.600  0.305   -0.605  0.791   0.088   -0.294  -0.119  -0.948  -1.489  16.922  0.678   193.852
-0.692  -0.382  -0.613  -0.466  -0.412  0.783   -0.552  0.827   0.107   1.083   7.804   -3.474  191.390
0.273   0.712   -0.647  -0.385  -0.535  -0.752  -0.882  0.454   0.128   -1.262  23.179  -0.816  191.351
-0.100  0.519   0.849   0.250   0.839   -0.484  -0.963  0.164   -0.214  0.120   8.499   0.330   191.241
-0.105  -0.939  0.326   0.792   -0.278  -0.544  0.602   0.201   0.773   16.038  28.313  -2.083  191.228
0.191   0.198   -0.961  -0.972  -0.097  -0.213  -0.135  0.975   0.174   -0.328  18.258  -1.407  190.189
0.341   -0.469  -0.815  -0.738  -0.670  0.077   -0.582  0.575   -0.575  3.095   27.540  -3.452  190.096
0.370   0.623   0.689   0.737   0.254   -0.626  -0.565  0.740   -0.365  12.222  28.511  -1.994  188.810
0.894   0.323   -0.310  0.120   0.493   0.861   0.431   -0.808  0.402   3.433   29.242  4.443   188.623
0.477   0.615   0.628   -0.716  -0.143  0.684   0.510   -0.776  0.371   -2.182  23.619  4.098   187.630
0.471   -0.375  -0.798  0.224   -0.825  0.520   -0.853  -0.423  -0.304  10.722  39.334  7.325   187.244
0.975   0.220   -0.041  0.121   -0.674  -0.728  -0.188  0.705   -0.684  4.192   27.489  -1.918  186.432
-0.731  0.682   0.033   0.682   0.728   0.062   0.018   0.068   -0.998  -7.722  18.229  7.591   186.122
0.589   -0.061  -0.806  0.094   -0.985  0.143   -0.803  -0.159  -0.574  21.197  32.525  1.836   185.071
0.016   0.935   0.353   -0.190  0.349   -0.918  -0.982  -0.053  0.183   -0.473  26.363  1.361   183.945
-0.804  -0.345  0.485   -0.440  0.893   -0.095  -0.400  -0.290  -0.869  -2.347  17.912  1.380   183.937
0.967   -0.009  0.256   0.249   0.270   -0.930  -0.060  0.963   0.263   11.007  33.828  1.940   183.232
-0.742  -0.595  0.308   -0.636  0.770   -0.046  -0.210  -0.230  -0.950  -2.149  17.421  1.916   183.171
-0.256  -0.866  -0.429  -0.467  -0.278  0.839   -0.846  0.415   -0.334  13.444  31.897  -3.026  182.868
-0.115  0.765   0.634   0.377   0.624   -0.684  -0.919  0.160   -0.360  1.317   8.271   0.433   182.801
-0.743  -0.166  0.649   -0.223  0.975   -0.006  -0.631  -0.149  -0.761  3.359   26.837  -1.282  180.864
-0.989  -0.007  -0.145  -0.141  -0.181  0.973   -0.033  0.984   0.178   1.568   11.610  -0.999  180.571
-0.681  0.453   0.575   -0.307  0.537   -0.786  -0.665  -0.712  -0.227  -6.032  16.648  11.677  180.299
0.815   0.189   -0.547  -0.227  -0.766  -0.602  -0.533  0.615   -0.582  6.023   27.616  -2.297  180.239
-0.502  -0.009  0.865   0.517   0.799   0.309   -0.693  0.602   -0.396  1.757   24.017  -3.116  180.197
-0.963  -0.022  -0.269  -0.264  -0.136  0.955   -0.058  0.991   0.125   -1.662  12.848  1.553   179.741
-0.183  -0.748  -0.638  -0.719  -0.341  0.606   -0.671  0.570   -0.475  10.790  2.478   -10.530  179.565
0.599   0.800   -0.043  0.435   -0.371  -0.820  -0.672  0.473   -0.570  3.476   27.196  -2.742  178.619
0.494   0.770   -0.403  -0.590  -0.043  -0.806  -0.638  0.636   0.433   0.106   21.139  -1.652  177.905
-0.811  0.113   -0.573  -0.211  -0.972  0.106   -0.545  0.207   0.812   14.919  29.706  -1.674  177.807
